[".map","stratis",8192,0]
[".class","Land_VR_Shape_01_cube_1m_F","\A3\Structures_F_Mark\VR\Shapes\VR_Shape_01_cube_1m_F.p3d",[[-0.50000000000000000000,-0.50000000000000000000,-0.50000000000000000000],[0.50000000000000000000,0.50000000000000000000,0.50000000000000000000],0.86602538824081420898],[0.00000000000000000000,0.00000000000000000000,0.50000000000000000000],"a3\structures_f_mark\vr\shapes\vr_shape_01_cube_1m_f.p3d",1.00000000000000000000]
[".add","Land_VR_Shape_01_cube_1m_F",[],[3807.68457031250000000000,3702.85571289062500000000,180.59808349609375000000],[-0.19847095012664794922,0.08543103188276290894,0.97637635469436645508],[0.00000000000000000000,0.99619388580322265625,-0.08716502785682678223],[-0.19774521887302398682,0.08544348925352096558,0.97652256488800048828],1.00000000000000000000]
[".add","Land_VR_Shape_01_cube_1m_F",[],[3803.02441406250000000000,3698.00830078125000000000,180.05400085449218750000],[-0.18191428482532501221,0.08571063727140426636,0.97957187891006469727],[0.98331439495086669922,0.01585651934146881104,0.18122188746929168701],[-0.18124490976333618164,0.08572106808423995972,0.97969496250152587891],1.00000000000000000000]
[".add","Land_VR_Shape_01_cube_1m_F",[],[3802.98095703125000000000,3707.80639648437500000000,179.37478637695312500000],[-0.12891592085361480713,0.06185747683048248291,0.98972439765930175781],[-0.99165552854537963867,-0.00804150383919477463,-0.12866486608982086182],[-0.12866938114166259766,0.06185976788401603699,0.98975628614425659180],1.00000000000000000000]
[".add","Land_VR_Shape_01_cube_1m_F",[],[3797.86865234375000000000,3702.86157226562500000000,178.88946533203125000000],[-0.13135142624378204346,0.04950461909174919128,0.99009901285171508789],[-0.00000008666533091173,-0.99875235557556152344,0.04993727058172225952],[-0.13119064271450042725,0.04950525984168052673,0.99012029170989990234],1.00000000000000000000]
[".add","Land_VR_Shape_01_cube_1m_F",[],[3806.34033203125000000000,3699.48974609375000000000,180.60614013671875000000],[-0.20785659551620483398,0.08768014609813690186,0.97422164678573608398],[0.69166314601898193359,0.71743500232696533203,0.08300158381462097168],[-0.20705580711364746094,0.08769531548023223877,0.97439074516296386719],1.00000011920928955078]
[".add","Land_VR_Shape_01_cube_1m_F",[],[3799.44824218750000000000,3699.46997070312500000000,179.26632690429687500000],[-0.15799042582511901855,0.06895233690738677979,0.98503023386001586914],[0.69822597503662109375,-0.69757962226867675781,0.16082021594047546387],[-0.15761429071426391602,0.06895601749420166016,0.98509025573730468750],1.00000011920928955078]
[".add","Land_VR_Shape_01_cube_1m_F",[],[3784.82006835937500000000,3722.33666992187500000000,178.72010803222656250000],[0.01250073965638875961,-0.02998270653188228607,0.99947226047515869141],[0.00000000000000000000,0.99955046176910400391,0.02998505346477031708],[0.01249416638165712357,-0.02998294867575168610,0.99947232007980346680],1.00000000000000000000]
[".add","Land_VR_Shape_01_cube_1m_F",[],[3780.15991210937500000000,3717.48925781250000000000,178.47111511230468750000],[-0.04744672402739524841,-0.10676203668117523193,0.99315190315246582031],[0.99887388944625854492,-0.00507126329466700554,0.04717493057250976563],[-0.04717592522501945496,-0.10676337778568267822,0.99316459894180297852],1.00000000000000000000]
[".add","Land_VR_Shape_01_cube_1m_F",[],[3780.11645507812500000000,3727.28735351562500000000,178.56559753417968750000],[0.01000656280666589737,0.07726731896400451660,0.99696022272109985352],[-0.99994993209838867188,0.00077323085861280560,0.00997664313763380051],[0.00997173413634300232,0.07726763188838958740,0.99696046113967895508],1.00000000000000000000]
[".add","Land_VR_Shape_01_cube_1m_F",[],[3775.00415039062500000000,3722.34252929687500000000,178.59413146972656250000],[-0.02249398827552795410,-0.03247567266225814819,0.99921947717666625977],[-0.00000008740065737811,-0.99947226047515869141,-0.03248389065265655518],[-0.02248152717947959900,-0.03247585892677307129,0.99921965599060058594],1.00000000000000000000]
[".add","Land_VR_Shape_01_cube_1m_F",[],[3783.47583007812500000000,3718.97070312500000000000,178.62596130371093750000],[0.01749552041292190552,-0.04245435073971748352,0.99894529581069946289],[0.70699858665466308594,0.70699441432952880859,0.01766431145370006561],[0.01747956499457359314,-0.04245472699403762817,0.99894553422927856445],1.00000011920928955078]
[".add","Land_VR_Shape_01_cube_1m_F",[],[3776.58374023437500000000,3718.95092773437500000000,178.44268798828125000000],[-0.08963724225759506226,-0.14774087071418762207,0.98495584726333618164],[0.70426034927368164063,-0.70868599414825439453,-0.04220892861485481262],[-0.08865398913621902466,-0.14775414764881134033,0.98504269123077392578],1.00000000000000000000]
[".add","Land_VR_Shape_01_cube_1m_F",[],[3774.49438476562500000000,3696.72851562500000000000,175.36134338378906250000],[-0.13135142624378204346,-0.02230162173509597778,0.99108499288558959961],[0.00000000000000000000,0.99974691867828369141,0.02249653451144695282],[-0.13131901621818542480,-0.02230238169431686401,0.99108922481536865234],1.00000000000000000000]
[".add","Land_VR_Shape_01_cube_1m_F",[],[3769.83422851562500000000,3691.88110351562500000000,174.71456909179687500000],[-0.11914381384849548340,0.00743974233046174049,0.99284911155700683594],[0.99287712574005126953,0.00089271488832309842,0.11914049088954925537],[-0.11914087831974029541,0.00744606787338852882,0.99284946918487548828],1.00000011920928955078]
[".add","Land_VR_Shape_01_cube_1m_F",[],[3769.79077148437500000000,3701.67919921875000000000,174.92622375488281250000],[-0.12159241735935211182,-0.05450922995805740356,0.99108237028121948242],[-0.99258011579513549805,0.00667746597900986671,-0.12140891700983047485],[-0.12141164392232894897,-0.05451104417443275452,0.99110436439514160156],1.00000000000000000000]
[".add","Land_VR_Shape_01_cube_1m_F",[],[3764.67846679687500000000,3696.73437500000000000000,174.14794921875000000000],[-0.11669788509607315063,-0.01986088417470455170,0.99296885728836059570],[-0.00000008682545882266,-0.99980002641677856445,-0.01999752782285213470],[-0.11667446792125701904,-0.01985988579690456390,0.99297159910202026367],0.99999994039535522461]
[".add","Land_VR_Shape_01_cube_1m_F",[],[3773.15014648437500000000,3693.36254882812500000000,175.13737487792968750000],[-0.12891636788845062256,-0.00991691555827856064,0.99160587787628173828],[0.70120632648468017578,0.70615988969802856445,0.09822440892457962036],[-0.12890993058681488037,-0.00991440284997224808,0.99160671234130859375],1.00000011920928955078]
[".add","Land_VR_Shape_01_cube_1m_F",[],[3766.25805664062500000000,3693.34277343750000000000,174.29969787597656250000],[-0.11424861848354339600,-0.00495864916592836380,0.99343979358673095703],[0.70247679948806762695,-0.70750123262405395508,0.07725556194782257080],[-0.11424724757671356201,-0.00496826041489839554,0.99343985319137573242],1.00000011920928955078]
[".add","Land_VR_Shape_01_cube_1m_F",[],[3782.12304687500000000000,3648.55688476562500000000,180.08314514160156250000],[-0.02623442560434341431,0.04302655905485153198,0.74830502271652221680],[0.00000000000000000000,0.74876326322555541992,-0.04305291175842285156],[-0.03492081910371780396,0.05736910179257392883,0.99774205684661865234],0.75000000000000000000]
[".add","Land_VR_Shape_01_cube_1m_F",[],[3777.46289062500000000000,3643.70947265625000000000,180.07579040527343750000],[-0.03745296224951744080,0.00561877992004156113,0.74904316663742065430],[0.74906432628631591797,0.00028090437990613282,0.03745191544294357300],[-0.04993545264005661011,0.00749012734740972519,0.99872428178787231445],0.75000005960464477539]
[".add","Land_VR_Shape_01_cube_1m_F",[],[3777.41943359375000000000,3653.50756835937500000000,179.51625061035156250000],[-0.04864600300788879395,0.06338654458522796631,0.74573177099227905273],[-0.74842071533203125000,-0.00412000110372900963,-0.04847121611237525940],[-0.06462968885898590088,0.08451662957668304443,0.99432396888732910156],0.75000005960464477539]
[".add","Land_VR_Shape_01_cube_1m_F",[],[3772.30712890625000000000,3648.56274414062500000000,179.51808166503906250000],[-0.05423416197299957275,0.06150181591510772705,0.74550402164459228516],[-0.00000006539543306872,-0.74746078252792358398,0.06166324764490127563],[-0.07206878066062927246,0.08200355619192123413,0.99402290582656860352],0.75000000000000000000]
[".add","Land_VR_Shape_01_cube_1m_F",[],[3780.77880859375000000000,3645.19091796875000000000,180.17817687988281250000],[-0.02436289004981517792,0.02996055968105792999,0.74900525808334350586],[0.53005027770996093750,0.53059494495391845703,-0.00398310367017984390],[-0.03245814144611358643,0.03994789347052574158,0.99867451190948486328],0.75000005960464477539]
[".add","Land_VR_Shape_01_cube_1m_F",[],[3773.88671875000000000000,3645.17114257812500000000,179.79833984375000000000],[-0.05423108115792274475,0.03176558762788772583,0.74736201763153076172],[0.52894192934036254883,-0.52822333574295043945,0.06083319336175918579],[-0.07224366068840026855,0.04235405847430229187,0.99648737907409667969],0.75000005960464477539]
[".add","Land_VR_Shape_01_cube_1m_F",[],[3802.60986328125000000000,3658.19702148437500000000,182.23629760742187500000],[0.00000000000000000000,0.00000000000000000000,2.50000000000000000000],[0.00000000000000000000,2.50000000000000000000,0.00000000000000000000],[-0.13362081348896026611,-0.04948905110359191895,0.98979610204696655273],2.50000000000000000000]
[".add","Land_VR_Shape_01_cube_1m_F",[],[3797.94970703125000000000,3653.34960937500000000000,181.52105712890625000000],[0.00000000000000000000,0.00000000000000000000,2.50000000000000000000],[2.50000000000000000000,-0.00000010927848137499,0.00000000000000000000],[-0.06979758292436599731,-0.02991216257214546204,0.99711263179779052734],2.50000000000000000000]
[".add","Land_VR_Shape_01_cube_1m_F",[],[3797.90625000000000000000,3663.14770507812500000000,181.72557067871093750000],[0.00000000000000000000,0.00000000000000000000,2.50000000000000000000],[-2.50000000000000000000,0.00000002981220248444,0.00000000000000000000],[-0.13620492815971374512,-0.01237951777875423431,0.99060326814651489258],2.50000000000000000000]
[".add","Land_VR_Shape_01_cube_1m_F",[],[3792.79394531250000000000,3658.20288085937500000000,181.22016906738281250000],[0.00000000000000000000,0.00000000000000000000,2.50000000000000000000],[-0.00000021855696274997,-2.50000000000000000000,0.00000000000000000000],[-0.06733878701925277710,0.01247141417115926743,0.99765223264694213867],2.50000000000000000000]
[".add","Land_VR_Shape_01_cube_1m_F",[],[3801.26562500000000000000,3654.83105468750000000000,181.90509033203125000000],[0.00000000000000000000,0.00000000000000000000,2.50000000000000000000],[1.76776695251464843750,1.76776695251464843750,0.00000000000000000000],[-0.12383333593606948853,-0.05696227774024009705,0.99066668748855590820],2.50000000000000000000]
[".add","Land_VR_Shape_01_cube_1m_F",[],[3794.37353515625000000000,3654.81127929687500000000,181.31866455078125000000],[0.00000000000000000000,0.00000000000000000000,2.50000000000000000000],[1.76776695251464843750,-1.76776695251464843750,0.00000000000000000000],[-0.06731387972831726074,-0.02991727925837039948,0.99728322029113769531],2.50000000000000000000]
[".dhmap",[]]