["\A3\Structures_F\Households\Addons\u_Addon_01_V1_F.p3d",[0.182733,-2.23117,5.21323],[[-1.92796,-0.991503,-3.21323],[6.49727,4.45307,3.33901],8.5799]]
["\A3\Structures_F\Households\Addons\u_Addon_02_V1_F.p3d",[-0.579192,-1.5649,5.21473],[[-4.1088,-2.65847,-3.71473],[4.2438,4.94127,3.693],7.42006]]
["\A3\Structures_F\Households\Addons\i_Addon_02_V1_F.p3d",[-0.608068,-1.5649,5.20269],[[-4.07992,-2.65847,-3.70269],[4.27268,4.94127,3.70504],7.48489]]
["\A3\Structures_F\Households\Addons\i_Addon_03_V1_F.p3d",[-0.5,-0.345496,5.95154],[[-5.02121,-2.44418,-3.05154],[5.02121,4.11379,3.05154],7.14496]]
["\A3\Structures_F\Households\Addons\i_Addon_03mid_V1_F.p3d",[-0.490055,0.438577,5.90883],[[-5.03116,-3.33614,-3.00883],[5.01126,3.28045,2.99063],6.80524]]
["\A3\Structures_F\Households\Addons\i_Addon_04_V1_F.p3d",[-0.5,-1.23735,5.82175],[[-5.02121,-2.66021,-2.93681],[5.02121,3.95638,2.93681],7.02865]]
["\A3\Structures_F\Households\Addons\i_Garage_V1_F.p3d",[1.37451,-0.600002,5.25492],[[-7.23451,-3.2,-3.27492],[7.43962,3.4,3.35307],9.12356]]
["\A3\Structures_F\Households\Addons\i_Garage_V2_F.p3d",[1.37451,-0.600002,5.25492],[[-7.23451,-3.2,-3.27492],[7.43962,3.4,3.35307],9.12356]]
["\A3\Structures_F\Households\Addons\Metal_Shed_F.p3d",[0.494718,0.990312,6.34444],[[-5.23584,-4.39224,-2.75051],[5.24179,1.40996,2.67559],7.37533]]
["\A3\Structures_F\Households\House_Big01\i_House_Big_01_V1_F.p3d",[0.352056,-0.617471,8.06637],[[-6.96164,-8.18411,-6.22637],[7.15813,8.32735,6.58926],12.0923]]
["\A3\Structures_F\Households\House_Big01\i_House_Big_01_V2_F.p3d",[0.352056,-0.617471,8.06637],[[-6.96164,-8.18411,-6.22637],[7.15813,8.32735,6.58926],12.0923]]
["\A3\Structures_F\Households\House_Big01\i_House_Big_01_V3_F.p3d",[0.352056,-0.617471,8.06637],[[-6.96164,-8.18411,-6.22637],[7.15813,8.32735,6.58926],12.0923]]
["\A3\Structures_F\Households\House_Big01\u_House_Big_01_V1_F.p3d",[-0.647944,0.382529,8.06637],[[-6.8686,-8.18411,-6.22637],[7.07989,8.32735,6.60925],12.0923]]
["\A3\Structures_F\Households\House_Big02\i_House_Big_02_V1_F.p3d",[-0.629223,-0.0489697,7.88397],[[-5.32873,-9.18065,-5.98397],[5.32873,7.08245,6.08614],12.9817]]
["\A3\Structures_F\Households\House_Big02\i_House_Big_02_V2_F.p3d",[-0.629223,-0.0489697,7.88397],[[-5.32873,-9.18065,-5.98397],[5.32873,7.08245,6.08614],12.9817]]
["\A3\Structures_F\Households\House_Big02\i_House_Big_02_V3_F.p3d",[-0.629223,-0.0489697,7.88397],[[-5.32873,-9.18065,-5.98397],[5.32873,7.08245,6.08614],12.9817]]
["\A3\Structures_F\Households\House_Big02\u_House_Big_02_V1_F.p3d",[0.315312,0.95103,7.65562],[[-5.27327,-9.18065,-5.75562],[5.27327,7.08397,5.87823],12.8989]]
["\A3\Structures_F\Households\House_Small01\i_House_Small_01_V1_F.p3d",[-1.70591,1.13586,6.34205],[[-5.43429,-6.83586,-4.99591],[5.43376,7.28133,5.08206],9.95891]]
["\A3\Structures_F\Households\House_Small01\i_House_Small_01_V2_F.p3d",[-1.70591,1.13586,6.34205],[[-5.43429,-6.83586,-4.99591],[5.43376,7.28133,5.08206],9.95891]]
["\A3\Structures_F\Households\House_Small01\i_House_Small_01_V3_F.p3d",[0.294086,2.13586,6.34205],[[-5.43429,-6.83586,-4.99591],[5.43376,7.28133,5.08206],9.95891]]
["\A3\Structures_F\Households\House_Small01\u_House_Small_01_V1_F.p3d",[0.368265,1.13586,6.20461],[[-5.51917,-6.83586,-4.85847],[5.6019,7.28133,4.89315],9.93521]]
["\A3\Structures_F\Households\House_Small02\i_House_Small_02_V1_F.p3d",[-1.47625,-0.245641,6.12504],[[-5.7028,-4.06246,-4.70504],[8.20325,3.59981,4.6817],10.0492]]
["\A3\Structures_F\Households\House_Small02\i_House_Small_02_V2_F.p3d",[-1.47625,-0.245641,6.12504],[[-5.7028,-4.06246,-4.70504],[8.20325,3.59981,4.6817],10.0492]]
["\A3\Structures_F\Households\House_Small02\i_House_Small_02_V3_F.p3d",[-1.47625,-0.245641,6.12504],[[-5.7028,-4.06246,-4.70504],[8.20325,3.59981,4.6817],10.0492]]
["\A3\Structures_F\Households\House_Small02\u_House_Small_02_V1_F.p3d",[-2.48023,1.75436,6.12504],[[-5.69882,-4.06905,-4.70504],[8.18342,3.58687,4.67827],10.0524]]
["\A3\Structures_F\Households\House_Small03\i_House_Small_03_V1_F.p3d",[-0.456305,0.444307,5.31569],[[-6.20048,-7.29842,-3.01781],[6.20048,7.20569,3.78778],10.2482]]
["\A3\Structures_f\Households\Slum\cargo_addon01_V1_F.p3d",[0.525047,-0.51223,5.61616],[[-2.0544,-1.4697,-2.18517],[2.08482,1.4697,2.20534],3.25264]]
["\A3\Structures_f\Households\Slum\cargo_addon01_V2_F.p3d",[0.598791,2.4879,5.44419],[[-2.07336,-1.47057,-2.17732],[2.1131,1.46957,2.16773],3.31071]]
["\A3\Structures_f\Households\Slum\cargo_addon02_V1_F.p3d",[2.40502,-0.603521,5.67377],[[-3.12127,-2.21964,-2.1562],[3.12127,2.21964,2.14867],4.22986]]
["\A3\Structures_f\Households\Slum\cargo_addon02_V2_F.p3d",[2.35524,-0.676103,5.54734],[[-3.07247,-2.24052,-2.12277],[3.07247,2.24052,2.12688],4.24024]]
["\A3\Structures_f\Households\Slum\Slum_House01_F.p3d",[0.458088,-1.2795,6.07991],[[-2.09896,-2.40344,-1.90065],[2.3521,2.96948,1.90065],4.50944]]
["\A3\Structures_f\Households\Slum\Slum_House02_F.p3d",[-1.69626,-0.565655,6.02954],[[-1.8826,-2.67928,-2.30669],[3.78669,4.12229,2.36204],5.99663]]
["\A3\Structures_f\Households\Slum\Slum_House03_F.p3d",[-1.36326,-0.558567,6.07521],[[-3.0308,-1.87666,-2.36981],[4.67713,3.61268,2.36981],6.20556]]
["\A3\Structures_F\Households\Stone_Big\i_Stone_HouseBig_V1_F.p3d",[-1.97454,-0.929242,6.84251],[[-4.27093,-3.78821,-5.80925],[6.78471,6.15971,5.84251],10.0751]]
["\A3\Structures_F\Households\Stone_Big\i_Stone_HouseBig_V2_F.p3d",[-1.97454,-0.929242,6.84251],[[-4.27093,-3.78821,-5.80925],[6.78471,6.15971,5.84251],10.0751]]
["\A3\Structures_F\Households\Stone_Big\i_Stone_HouseBig_V3_F.p3d",[-1.97454,-0.929242,6.84251],[[-4.27093,-3.78821,-5.80925],[6.78471,6.15971,5.84251],10.0751]]
["\A3\Structures_F\Households\Stone_Shed\i_Stone_Shed_V1_F.p3d",[-0.06235,-0.687125,5.36194],[[-4.53097,-3.14094,-3.69432],[3.76235,4.95566,3.79127],7.61754]]
["\A3\Structures_F\Households\Stone_Shed\i_Stone_Shed_V2_F.p3d",[-0.06235,-0.687125,5.36194],[[-4.53097,-3.14094,-3.69432],[3.76235,4.95566,3.79127],7.61754]]
["\A3\Structures_F\Households\Stone_Shed\i_Stone_Shed_V3_F.p3d",[-0.06235,-0.687125,5.36194],[[-4.53097,-3.14094,-3.69432],[3.76235,4.95566,3.79127],7.61754]]
["\A3\Structures_f\Households\Stone_Small\i_Stone_HouseSmall_V1_F.p3d",[0.509101,-1.01609,6.86237],[[-10.2062,-3.41183,-4.26251],[10.2062,5.81803,4.28117],12.3633]]
["\A3\Structures_f\Households\Stone_Small\i_Stone_HouseSmall_V2_F.p3d",[0.509101,-1.01609,6.86237],[[-10.2062,-3.41183,-4.26251],[10.2062,5.81803,4.28117],12.3633]]
["\A3\Structures_f\Households\Stone_Small\i_Stone_HouseSmall_V3_F.p3d",[0.509101,-1.01609,6.86237],[[-10.2062,-3.41183,-4.26251],[10.2062,5.81803,4.28117],12.3633]]
["\A3\Structures_f\Households\WIP\Unfinished_Building_01_F.p3d",[-0.22676,-1.07482,7.48353],[[-5.84675,-7.53957,-4.93032],[5.01581,8.10197,4.97288],11.0537]]
["\A3\Structures_f\Households\WIP\Unfinished_Building_02_F.p3d",[0.0653811,1.54854,7.75528],[[-8.79116,-10.4851,-5.25788],[8.79116,10.336,5.47737],14.9013]]
["\A3\Structures_f\Households\House_Shop01\i_Shop_01_V1_F.p3d",[-0.58133,-1.91733,8.0661],[[-4.60922,-6.00187,-6.3761],[4.75181,9.37245,6.4445],11.9128]]
["\A3\Structures_F\Households\House_Shop01\i_Shop_01_V2_F.p3d",[1.41867,-3.57499,8.0661],[[-4.60922,-6.34421,-6.3761],[4.75181,9.03011,6.4445],11.535]]
["\A3\Structures_F\Households\House_Shop01\i_Shop_01_V3_F.p3d",[-0.58133,-2.91733,8.0661],[[-4.60922,-6.00187,-6.3761],[4.75181,9.37245,6.4445],11.9128]]
["\A3\Structures_F\Households\House_Shop01\u_Shop_01_V1_F.p3d",[-0.58292,-2.91733,8.18536],[[-4.60763,-6.00187,-6.49536],[4.75022,9.37245,6.57874],11.9643]]
["\A3\Structures_F\Households\House_Shop02\i_Shop_02_V1_F.p3d",[1.32183,-0.84732,8.17953],[[-7.81493,-5.44043,-6.2181],[8.12094,5.44043,6.23973],10.8633]]
["\A3\Structures_F\Households\House_Shop02\i_Shop_02_V2_F.p3d",[0.321832,1.15268,8.17953],[[-7.81493,-5.44043,-6.2181],[8.12094,5.44043,6.23973],10.8633]]
["\A3\Structures_F\Households\House_Shop02\i_Shop_02_V3_F.p3d",[0.321832,1.15268,8.17953],[[-7.81493,-5.44043,-6.2181],[8.12094,5.44043,6.23973],10.8633]]
["\A3\Structures_F\Households\House_Shop02\u_Shop_02_V1_F.p3d",[0.303022,1.15268,8.17953],[[-7.79612,-5.44043,-6.2181],[8.13975,5.44043,6.23973],10.8181]]